  0   0 255 255 255
 50   0 255 255 255
100   0 255 255 255
150   0 255 255 255
200   0 255 255 255
250   0 255 255 255
300   0 255 255 255
350   0 255 255 255
400   0 255 255 255
450   0 255 255 255
  0  50 255 255 255
 50  50 255 255 255
100  50 255 255 255
150  50 164  79 111
200  50 174  86 114
250  50 128  71  81
300  50 144  91  97
350  50 150  78 104
400  50 255 255 255
450  50 255 255 255
  0 100 255 255 255
 50 100 255 255 255
100 100 160  75 110
150 100 182 100 124
200 100 206 167 166
250 100 121  62  80
300 100 156  55  94
350 100 143  70  91
400 100 152  97 117
450 100 255 255 255
  0 150 255 255 255
 50 150 159  58 100
100 150 157  66  98
150 150 148  61  83
200 150 159  60  95
250 150 161  69 100
300 150 163  74 111
350 150 144  76  96
400 150 138  65  86
450 150 255 255 255
  0 200 255 255 255
 50 200 157  70  95
100 200 157  58  95
150 200 152  55  92
200 200 154  56  91
250 200 143  92 105
300 200 145  49  85
350 200 136  63  84
400 200 143  55  89
450 200 135  52  79
  0 250 255 255 255
 50 250 174  79 116
100 250 142  57  87
150 250 128  40  68
200 250 164  96 107
250 250 121  55  76
300 250 149  58  90
350 250 133  60  83
400 250 144  67  94
450 250 149  63  94
  0 300 255 255 255
 50 300 160  65 102
100 300 162  76 107
150 300 146  82 104
200 300 151  82  98
250 300 151  67  98
300 300 174  95 118
350 300 125  63  79
400 300 128  64  83
450 300 181 139 148
  0 350 255 255 255
 50 350 126  32  63
100 350 143  66  93
150 350 166  49  91
200 350 156  72  84
250 350 147  80 100
300 350 141  72  95
350 350 145  88 107
400 350 123  65  81
450 350 255 255 255
  0 400 255 255 255
 50 400 255 255 255
100 400 194 133 160
150 400 125  71  90
200 400 171 109 128
250 400 191 143 151
300 400 147  83 110
350 400 152  82 104
400 400 114  49  67
450 400 255 255 255
  0 450 255 255 255
 50 450 255 255 255
100 450 255 255 255
150 450 105  36  61
200 450 168  92 113
250 450 127  85 109
300 450 175  74 125
350 450 254 254 254
400 450 255 255 255
450 450 255 255 255
  0 500 255 255 255
 50 500 255 255 255
100 500 255 255 255
150 500 255 255 255
200 500 255 255 255
250 500 255 255 255
300 500 255 255 255
350 500 255 255 255
400 500 255 255 255
450 500 255 255 255
