0 0 0
10 0 0
20 0 0
30 0 0
40 0 0
50 0 0
60 0 0
70 0 0
80 0 0
90 0 0
100 0 0
110 0 0
120 0 0
130 0 0
140 0 0
150 0 0
160 0 0
170 0 0
180 0 0
190 0 0
200 0 0
210 0 0
220 0 0
230 0 0
240 0 0
250 0 0
260 0 0
270 0 0
280 0 0
290 0 0
300 0 0
310 0 0
320 0 0
330 0 0
340 0 0
350 0 0
360 0 0
370 0 0
380 0 0
390 0 0
400 0 0
410 0 0
420 0 0
430 0 0
440 0 0
450 0 0
460 0 0
470 0 0
480 0 0
490 0 0
0 10 0
10 10 0
20 10 0
30 10 0
40 10 0
50 10 0
60 10 0
70 10 0
80 10 0
90 10 0
100 10 0
110 10 0
120 10 0
130 10 0
140 10 0
150 10 0
160 10 0
170 10 0
180 10 0
190 10 0
200 10 0
210 10 0
220 10 0
230 10 0
240 10 0
250 10 0
260 10 0
270 10 0
280 10 0
290 10 0
300 10 0
310 10 0
320 10 0
330 10 0
340 10 0
350 10 0
360 10 0
370 10 0
380 10 0
390 10 0
400 10 0
410 10 0
420 10 0
430 10 0
440 10 0
450 10 0
460 10 0
470 10 0
480 10 0
490 10 0
0 20 0
10 20 0
20 20 0
30 20 0
40 20 0
50 20 0
60 20 0
70 20 0
80 20 0
90 20 0
100 20 0
110 20 0
120 20 0
130 20 0
140 20 0
150 20 0
160 20 0
170 20 0
180 20 0
190 20 0
200 20 0
210 20 0
220 20 0
230 20 0
240 20 1
250 20 1
260 20 0
270 20 0
280 20 0
290 20 0
300 20 0
310 20 0
320 20 0
330 20 0
340 20 0
350 20 0
360 20 0
370 20 0
380 20 0
390 20 0
400 20 0
410 20 0
420 20 0
430 20 0
440 20 0
450 20 0
460 20 0
470 20 0
480 20 0
490 20 0
0 30 0
10 30 0
20 30 0
30 30 0
40 30 0
50 30 0
60 30 0
70 30 0
80 30 0
90 30 0
100 30 0
110 30 0
120 30 0
130 30 0
140 30 0
150 30 0
160 30 0
170 30 0
180 30 0
190 30 0
200 30 1
210 30 49
220 30 102
230 30 136
240 30 161
250 30 167
260 30 157
270 30 154
280 30 122
290 30 66
300 30 9
310 30 1
320 30 0
330 30 0
340 30 0
350 30 0
360 30 0
370 30 0
380 30 0
390 30 0
400 30 0
410 30 0
420 30 0
430 30 0
440 30 0
450 30 0
460 30 0
470 30 0
480 30 0
490 30 0
0 40 0
10 40 0
20 40 0
30 40 0
40 40 0
50 40 0
60 40 0
70 40 0
80 40 0
90 40 0
100 40 0
110 40 0
120 40 0
130 40 0
140 40 0
150 40 0
160 40 0
170 40 4
180 40 127
190 40 174
200 40 192
210 40 204
220 40 175
230 40 150
240 40 149
250 40 155
260 40 165
270 40 170
280 40 176
290 40 217
300 40 226
310 40 209
320 40 159
330 40 68
340 40 0
350 40 1
360 40 0
370 40 0
380 40 0
390 40 0
400 40 0
410 40 0
420 40 0
430 40 0
440 40 0
450 40 0
460 40 0
470 40 0
480 40 0
490 40 0
0 50 0
10 50 0
20 50 0
30 50 0
40 50 0
50 50 0
60 50 0
70 50 0
80 50 0
90 50 0
100 50 0
110 50 0
120 50 0
130 50 0
140 50 1
150 50 48
160 50 167
170 50 202
180 50 169
190 50 122
200 50 124
210 50 129
220 50 129
230 50 152
240 50 170
250 50 158
260 50 174
270 50 170
280 50 165
290 50 174
300 50 180
310 50 191
320 50 202
330 50 238
340 50 210
350 50 104
360 50 0
370 50 0
380 50 0
390 50 0
400 50 0
410 50 0
420 50 0
430 50 0
440 50 0
450 50 0
460 50 0
470 50 0
480 50 0
490 50 0
0 60 0
10 60 0
20 60 0
30 60 0
40 60 0
50 60 0
60 60 0
70 60 0
80 60 0
90 60 0
100 60 0
110 60 0
120 60 0
130 60 10
140 60 172
150 60 196
160 60 107
170 60 109
180 60 127
190 60 133
200 60 110
210 60 116
220 60 119
230 60 140
240 60 138
250 60 141
260 60 172
270 60 148
280 60 154
290 60 162
300 60 174
310 60 179
320 60 221
330 60 201
340 60 208
350 60 238
360 60 223
370 60 51
380 60 1
390 60 0
400 60 0
410 60 0
420 60 0
430 60 0
440 60 0
450 60 0
460 60 0
470 60 0
480 60 0
490 60 0
0 70 0
10 70 0
20 70 0
30 70 0
40 70 0
50 70 0
60 70 0
70 70 0
80 70 0
90 70 0
100 70 0
110 70 1
120 70 116
130 70 204
140 70 142
150 70 88
160 70 123
170 70 118
180 70 102
190 70 102
200 70 102
210 70 108
220 70 114
230 70 119
240 70 124
250 70 131
260 70 139
270 70 142
280 70 146
290 70 157
300 70 166
310 70 202
320 70 178
330 70 195
340 70 215
350 70 212
360 70 216
370 70 250
380 70 149
390 70 0
400 70 0
410 70 0
420 70 0
430 70 0
440 70 0
450 70 0
460 70 0
470 70 0
480 70 0
490 70 0
0 80 0
10 80 0
20 80 0
30 80 0
40 80 0
50 80 0
60 80 0
70 80 0
80 80 0
90 80 0
100 80 9
110 80 168
120 80 209
130 80 92
140 80 89
150 80 84
160 80 107
170 80 106
180 80 92
190 80 89
200 80 99
210 80 112
220 80 114
230 80 136
240 80 177
250 80 196
260 80 175
270 80 170
280 80 158
290 80 152
300 80 162
310 80 167
320 80 173
330 80 217
340 80 212
350 80 199
360 80 228
370 80 217
380 80 255
390 80 214
400 80 0
410 80 0
420 80 0
430 80 0
440 80 0
450 80 0
460 80 0
470 80 0
480 80 0
490 80 0
0 90 0
10 90 0
20 90 0
30 90 0
40 90 0
50 90 0
60 90 0
70 90 0
80 90 1
90 90 2
100 90 190
110 90 204
120 90 84
130 90 82
140 90 78
150 90 81
160 90 80
170 90 88
180 90 88
190 90 88
200 90 94
210 90 113
220 90 189
230 90 214
240 90 213
250 90 220
260 90 218
270 90 212
280 90 207
290 90 202
300 90 177
310 90 166
320 90 170
330 90 177
340 90 186
350 90 196
360 90 206
370 90 245
380 90 220
390 90 241
400 90 239
410 90 2
420 90 0
430 90 0
440 90 0
450 90 0
460 90 0
470 90 0
480 90 0
490 90 0
0 100 0
10 100 0
20 100 0
30 100 0
40 100 0
50 100 0
60 100 0
70 100 0
80 100 1
90 100 193
100 100 201
110 100 75
120 100 75
130 100 76
140 100 102
150 100 72
160 100 77
170 100 83
180 100 83
190 100 89
200 100 139
210 100 180
220 100 216
230 100 224
240 100 224
250 100 213
260 100 203
270 100 227
280 100 228
290 100 252
300 100 252
310 100 230
320 100 171
330 100 177
340 100 178
350 100 185
360 100 221
370 100 205
380 100 214
390 100 254
400 100 241
410 100 233
420 100 0
430 100 0
440 100 0
450 100 0
460 100 0
470 100 0
480 100 0
490 100 0
0 110 0
10 110 0
20 110 0
30 110 0
40 110 0
50 110 0
60 110 0
70 110 0
80 110 176
90 110 213
100 110 75
110 110 82
120 110 73
130 110 70
140 110 68
150 110 69
160 110 74
170 110 83
180 110 86
190 110 152
200 110 181
210 110 217
220 110 227
230 110 226
240 110 225
250 110 208
260 110 201
270 110 223
280 110 228
290 110 253
300 110 251
310 110 246
320 110 203
330 110 172
340 110 173
350 110 180
360 110 190
370 110 200
380 110 207
390 110 220
400 110 232
410 110 254
420 110 193
430 110 0
440 110 0
450 110 0
460 110 0
470 110 0
480 110 0
490 110 0
0 120 0
10 120 0
20 120 0
30 120 0
40 120 0
50 120 0
60 120 0
70 120 131
80 120 216
90 120 73
100 120 72
110 120 80
120 120 95
130 120 64
140 120 65
150 120 65
160 120 70
170 120 79
180 120 142
190 120 186
200 120 196
210 120 219
220 120 226
230 120 234
240 120 231
250 120 224
260 120 230
270 120 240
280 120 247
290 120 252
300 120 238
310 120 204
320 120 162
330 120 164
340 120 171
350 120 179
360 120 185
370 120 195
380 120 201
390 120 207
400 120 224
410 120 240
420 120 255
430 120 131
440 120 0
450 120 0
460 120 0
470 120 0
480 120 0
490 120 0
0 130 0
10 130 0
20 130 0
30 130 0
40 130 0
50 130 1
60 130 48
70 130 215
80 130 74
90 130 76
100 130 63
110 130 61
120 130 59
130 130 62
140 130 62
150 130 63
160 130 68
170 130 129
180 130 176
190 130 198
200 130 205
210 130 209
220 130 224
230 130 222
240 130 232
250 130 236
260 130 250
270 130 255
280 130 251
290 130 248
300 130 248
310 130 213
320 130 149
330 130 155
340 130 162
350 130 171
360 130 175
370 130 185
380 130 190
390 130 202
400 130 245
410 130 233
420 130 239
430 130 255
440 130 1
450 130 0
460 130 0
470 130 0
480 130 0
490 130 0
0 140 0
10 140 0
20 140 0
30 140 0
40 140 0
50 140 0
60 140 200
70 140 175
80 140 61
90 140 58
100 140 58
110 140 53
120 140 57
130 140 59
140 140 59
150 140 59
160 140 67
170 140 143
180 140 188
190 140 197
200 140 202
210 140 209
220 140 220
230 140 213
240 140 213
250 140 235
260 140 255
270 140 254
280 140 251
290 140 246
300 140 243
310 140 255
320 140 149
330 140 153
340 140 154
350 140 165
360 140 172
370 140 177
380 140 189
390 140 198
400 140 209
410 140 220
420 140 231
430 140 253
440 140 206
450 140 0
460 140 0
470 140 0
480 140 0
490 140 0
0 150 0
10 150 0
20 150 0
30 150 0
40 150 0
50 150 84
60 150 219
70 150 63
80 150 54
90 150 53
100 150 52
110 150 52
120 150 53
130 150 55
140 150 57
150 150 57
160 150 63
170 150 140
180 150 183
190 150 197
200 150 199
210 150 201
220 150 200
230 150 211
240 150 218
250 150 235
260 150 250
270 150 254
280 150 251
290 150 250
300 150 246
310 150 250
320 150 155
330 150 149
340 150 152
350 150 158
360 150 171
370 150 176
380 150 180
390 150 187
400 150 198
410 150 208
420 150 222
430 150 233
440 150 255
450 150 1
460 150 0
470 150 0
480 150 0
490 150 0
0 160 0
10 160 0
20 160 0
30 160 0
40 160 1
50 160 197
60 160 153
70 160 54
80 160 49
90 160 53
100 160 49
110 160 49
120 160 48
130 160 53
140 160 53
150 160 47
160 160 56
170 160 124
180 160 180
190 160 184
200 160 183
210 160 186
220 160 204
230 160 199
240 160 211
250 160 227
260 160 237
270 160 246
280 160 253
290 160 251
300 160 250
310 160 251
320 160 202
330 160 145
340 160 148
350 160 154
360 160 166
370 160 172
380 160 178
390 160 185
400 160 195
410 160 207
420 160 215
430 160 229
440 160 248
450 160 185
460 160 0
470 160 0
480 160 0
490 160 0
0 170 0
10 170 0
20 170 0
30 170 2
40 170 31
50 170 218
60 170 65
70 170 53
80 170 49
90 170 48
100 170 48
110 170 47
120 170 48
130 170 55
140 170 52
150 170 51
160 170 59
170 170 136
180 170 171
190 170 180
200 170 185
210 170 187
220 170 161
230 170 179
240 170 174
250 170 203
260 170 232
270 170 227
280 170 241
290 170 250
300 170 251
310 170 226
320 170 199
330 170 145
340 170 149
350 170 155
360 170 163
370 170 172
380 170 177
390 170 180
400 170 193
410 170 203
420 170 209
430 170 222
440 170 237
450 170 253
460 170 0
470 170 0
480 170 0
490 170 0
0 180 0
10 180 0
20 180 0
30 180 0
40 180 144
50 180 194
60 180 65
70 180 54
80 180 52
90 180 51
100 180 48
110 180 47
120 180 51
130 180 52
140 180 54
150 180 54
160 180 60
170 180 138
180 180 164
190 180 172
200 180 177
210 180 176
220 180 152
230 180 152
240 180 175
250 180 206
260 180 231
270 180 243
280 180 249
290 180 252
300 180 251
310 180 191
320 180 204
330 180 146
340 180 148
350 180 154
360 180 164
370 180 172
380 180 177
390 180 183
400 180 189
410 180 201
420 180 208
430 180 221
440 180 239
450 180 255
460 180 25
470 180 0
480 180 0
490 180 0
0 190 0
10 190 0
20 190 0
30 190 0
40 190 198
50 190 80
60 190 67
70 190 53
80 190 54
90 190 54
100 190 52
110 190 49
120 190 49
130 190 54
140 190 53
150 190 54
160 190 58
170 190 122
180 190 157
190 190 170
200 190 168
210 190 190
220 190 152
230 190 179
240 190 179
250 190 207
260 190 227
270 190 243
280 190 253
290 190 250
300 190 249
310 190 215
320 190 224
330 190 171
340 190 151
350 190 155
360 190 161
370 190 168
380 190 176
390 190 183
400 190 191
410 190 200
420 190 207
430 190 215
440 190 236
450 190 251
460 190 193
470 190 0
480 190 0
490 190 0
0 200 0
10 200 0
20 200 0
30 200 4
40 200 210
50 200 75
60 200 65
70 200 58
80 200 53
90 200 59
100 200 53
110 200 53
120 200 52
130 200 53
140 200 53
150 200 53
160 200 60
170 200 94
180 200 126
190 200 161
200 200 172
210 200 171
220 200 176
230 200 156
240 200 167
250 200 191
260 200 211
270 200 212
280 200 248
290 200 252
300 200 252
310 200 230
320 200 226
330 200 229
340 200 154
350 200 153
360 200 163
370 200 167
380 200 175
390 200 181
400 200 192
410 200 201
420 200 207
430 200 213
440 200 233
450 200 244
460 200 251
470 200 0
480 200 0
490 200 0
0 210 0
10 210 0
20 210 0
30 210 63
40 210 204
50 210 78
60 210 70
70 210 59
80 210 55
90 210 57
100 210 54
110 210 53
120 210 54
130 210 57
140 210 54
150 210 58
160 210 60
170 210 73
180 210 129
190 210 150
200 210 169
210 210 172
220 210 173
230 210 176
240 210 162
250 210 185
260 210 202
270 210 202
280 210 214
290 210 252
300 210 254
310 210 220
320 210 240
330 210 231
340 210 153
350 210 153
360 210 160
370 210 170
380 210 172
390 210 178
400 210 191
410 210 201
420 210 205
430 210 214
440 210 230
450 210 244
460 210 255
470 210 0
480 210 0
490 210 0
0 220 0
10 220 0
20 220 0
30 220 115
40 220 188
50 220 80
60 220 68
70 220 59
80 220 56
90 220 57
100 220 57
110 220 54
120 220 55
130 220 59
140 220 58
150 220 59
160 220 63
170 220 75
180 220 91
190 220 142
200 220 155
210 220 160
220 220 134
230 220 137
240 220 167
250 220 192
260 220 207
270 220 211
280 220 206
290 220 214
300 220 237
310 220 231
320 220 189
330 220 150
340 220 153
350 220 154
360 220 160
370 220 171
380 220 171
390 220 180
400 220 189
410 220 194
420 220 202
430 220 211
440 220 228
450 220 245
460 220 253
470 220 0
480 220 0
490 220 0
0 230 0
10 230 0
20 230 1
30 230 145
40 230 166
50 230 79
60 230 71
70 230 62
80 230 60
90 230 57
100 230 60
110 230 58
120 230 56
130 230 59
140 230 59
150 230 59
160 230 65
170 230 76
180 230 88
190 230 133
200 230 143
210 230 149
220 230 148
230 230 141
240 230 168
250 230 190
260 230 206
270 230 207
280 230 211
290 230 218
300 230 226
310 230 213
320 230 152
330 230 148
340 230 153
350 230 154
360 230 159
370 230 168
380 230 172
390 230 177
400 230 185
410 230 194
420 230 202
430 230 209
440 230 226
450 230 240
460 230 252
470 230 0
480 230 0
490 230 0
0 240 0
10 240 0
20 240 0
30 240 155
40 240 144
50 240 80
60 240 71
70 240 66
80 240 60
90 240 60
100 240 59
110 240 60
120 240 61
130 240 60
140 240 60
150 240 60
160 240 66
170 240 75
180 240 83
190 240 109
200 240 136
210 240 145
220 240 154
230 240 149
240 240 147
250 240 187
260 240 207
270 240 213
280 240 218
290 240 217
300 240 225
310 240 209
320 240 143
330 240 148
340 240 149
350 240 156
360 240 163
370 240 166
380 240 173
390 240 178
400 240 187
410 240 194
420 240 203
430 240 208
440 240 221
450 240 236
460 240 253
470 240 0
480 240 0
490 240 0
0 250 0
10 250 0
20 250 0
30 250 155
40 250 129
50 250 88
60 250 77
70 250 67
80 250 64
90 250 67
100 250 60
110 250 62
120 250 60
130 250 64
140 250 65
150 250 66
160 250 67
170 250 76
180 250 82
190 250 84
200 250 128
210 250 152
220 250 163
230 250 164
240 250 159
250 250 173
260 250 202
270 250 223
280 250 232
290 250 237
300 250 252
310 250 249
320 250 222
330 250 148
340 250 149
350 250 153
360 250 162
370 250 167
380 250 170
390 250 177
400 250 184
410 250 192
420 250 200
430 250 208
440 250 221
450 250 238
460 250 251
470 250 0
480 250 0
490 250 0
0 260 0
10 260 0
20 260 0
30 260 146
40 260 144
50 260 91
60 260 83
70 260 71
80 260 71
90 260 70
100 260 71
110 260 66
120 260 68
130 260 71
140 260 71
150 260 72
160 260 73
170 260 80
180 260 83
190 260 139
200 260 158
210 260 168
220 260 158
230 260 166
240 260 165
250 260 169
260 260 188
270 260 207
280 260 235
290 260 239
300 260 249
310 260 244
320 260 220
330 260 147
340 260 148
350 260 149
360 260 162
370 260 166
380 260 166
390 260 173
400 260 182
410 260 191
420 260 196
430 260 204
440 260 221
450 260 240
460 260 254
470 260 0
480 260 0
490 260 0
0 270 0
10 270 0
20 270 0
30 270 128
40 270 153
50 270 93
60 270 88
70 270 104
80 270 96
90 270 84
100 270 78
110 270 72
120 270 80
130 270 73
140 270 82
150 270 88
160 270 82
170 270 80
180 270 88
190 270 144
200 270 159
210 270 169
220 270 164
230 270 170
240 270 166
250 270 168
260 270 180
270 270 195
280 270 206
290 270 207
300 270 211
310 270 207
320 270 147
330 270 146
340 270 149
350 270 149
360 270 161
370 270 166
380 270 168
390 270 175
400 270 182
410 270 193
420 270 196
430 270 203
440 270 225
450 270 237
460 270 255
470 270 0
480 270 0
490 270 0
0 280 0
10 280 0
20 280 0
30 280 86
40 280 173
50 280 97
60 280 92
70 280 110
80 280 107
90 280 92
100 280 88
110 280 78
120 280 84
130 280 78
140 280 79
150 280 80
160 280 83
170 280 85
180 280 128
190 280 155
200 280 155
210 280 157
220 280 165
230 280 171
240 280 172
250 280 182
260 280 178
270 280 198
280 280 201
290 280 135
300 280 136
310 280 137
320 280 139
330 280 148
340 280 148
350 280 150
360 280 159
370 280 166
380 280 165
390 280 173
400 280 182
410 280 190
420 280 197
430 280 202
440 280 218
450 280 237
460 280 255
470 280 2
480 280 0
490 280 0
0 290 0
10 290 0
20 290 0
30 290 27
40 290 182
50 290 97
60 290 89
70 290 83
80 290 82
90 290 82
100 290 78
110 290 77
120 290 78
130 290 82
140 290 77
150 290 78
160 290 84
170 290 91
180 290 134
190 290 154
200 290 154
210 290 154
220 290 150
230 290 160
240 290 177
250 290 185
260 290 197
270 290 201
280 290 183
290 290 128
300 290 135
310 290 136
320 290 140
330 290 147
340 290 148
350 290 148
360 290 159
370 290 167
380 290 168
390 290 176
400 290 183
410 290 188
420 290 196
430 290 201
440 290 217
450 290 237
460 290 227
470 290 1
480 290 0
490 290 0
0 300 0
10 300 0
20 300 0
30 300 7
40 300 179
50 300 96
60 300 89
70 300 82
80 300 83
90 300 80
100 300 78
110 300 77
120 300 77
130 300 78
140 300 72
150 300 72
160 300 84
170 300 111
180 300 129
190 300 129
200 300 137
210 300 158
220 300 152
230 300 149
240 300 164
250 300 196
260 300 191
270 300 207
280 300 191
290 300 172
300 300 137
310 300 136
320 300 140
330 300 147
340 300 148
350 300 152
360 300 158
370 300 165
380 300 172
390 300 176
400 300 185
410 300 192
420 300 196
430 300 201
440 300 215
450 300 237
460 300 160
470 300 0
480 300 0
490 300 0
0 310 0
10 310 0
20 310 0
30 310 0
40 310 172
50 310 104
60 310 96
70 310 85
80 310 83
90 310 84
100 310 81
110 310 78
120 310 78
130 310 81
140 310 82
150 310 83
160 310 90
170 310 121
180 310 125
190 310 128
200 310 132
210 310 137
220 310 160
230 310 149
240 310 156
250 310 183
260 310 209
270 310 232
280 310 228
290 310 207
300 310 164
310 310 137
320 310 141
330 310 147
340 310 148
350 310 154
360 310 161
370 310 168
380 310 173
390 310 180
400 310 189
410 310 195
420 310 198
430 310 207
440 310 221
450 310 254
460 310 14
470 310 0
480 310 0
490 310 0
0 320 0
10 320 0
20 320 0
30 320 0
40 320 101
50 320 169
60 320 101
70 320 89
80 320 88
90 320 87
100 320 83
110 320 83
120 320 83
130 320 85
140 320 83
150 320 87
160 320 131
170 320 145
180 320 146
190 320 141
200 320 141
210 320 145
220 320 138
230 320 156
240 320 148
250 320 176
260 320 206
270 320 231
280 320 196
290 320 190
300 320 146
310 320 143
320 320 144
330 320 147
340 320 153
350 320 157
360 320 193
370 320 174
380 320 186
390 320 184
400 320 207
410 320 209
420 320 203
430 320 208
440 320 219
450 320 252
460 320 0
470 320 0
480 320 0
490 320 0
0 330 0
10 330 0
20 330 0
30 330 0
40 330 1
50 330 181
60 330 106
70 330 94
80 330 87
90 330 87
100 330 88
110 330 84
120 330 84
130 330 89
140 330 89
150 330 134
160 330 149
170 330 156
180 330 148
190 330 143
200 330 131
210 330 149
220 330 148
230 330 137
240 330 155
250 330 162
260 330 203
270 330 224
280 330 222
290 330 202
300 330 205
310 330 166
320 330 146
330 330 148
340 330 169
350 330 162
360 330 175
370 330 199
380 330 190
390 330 208
400 330 197
410 330 234
420 330 206
430 330 213
440 330 234
450 330 153
460 330 0
470 330 0
480 330 0
490 330 0
0 340 0
10 340 0
20 340 0
30 340 0
40 340 0
50 340 152
60 340 123
70 340 101
80 340 96
90 340 94
100 340 89
110 340 88
120 340 88
130 340 94
140 340 114
150 340 150
160 340 153
170 340 144
180 340 137
190 340 137
200 340 139
210 340 134
220 340 120
230 340 144
240 340 152
250 340 158
260 340 190
270 340 227
280 340 232
290 340 213
300 340 222
310 340 211
320 340 161
330 340 149
340 340 177
350 340 165
360 340 175
370 340 182
380 340 186
390 340 214
400 340 198
410 340 202
420 340 208
430 340 219
440 340 248
450 340 0
460 340 0
470 340 0
480 340 0
490 340 0
0 350 0
10 350 0
20 350 0
30 350 0
40 350 0
50 350 6
60 350 179
70 350 109
80 350 101
90 350 99
100 350 94
110 350 89
120 350 90
130 350 97
140 350 157
150 350 172
160 350 168
170 350 166
180 350 153
190 350 133
200 350 121
210 350 147
220 350 135
230 350 126
240 350 169
250 350 171
260 350 184
270 350 223
280 350 237
290 350 238
300 350 231
310 350 219
320 350 213
330 350 164
340 350 159
350 350 166
360 350 181
370 350 181
380 350 209
390 350 187
400 350 198
410 350 202
420 350 211
430 350 229
440 350 155
450 350 0
460 350 0
470 350 0
480 350 0
490 350 0
0 360 0
10 360 0
20 360 0
30 360 0
40 360 0
50 360 0
60 360 144
70 360 135
80 360 106
90 360 104
100 360 96
110 360 93
120 360 95
130 360 110
140 360 168
150 360 160
160 360 157
170 360 156
180 360 144
190 360 135
200 360 138
210 360 123
220 360 144
230 360 142
240 360 168
250 360 177
260 360 179
270 360 208
280 360 233
290 360 241
300 360 218
310 360 225
320 360 219
330 360 198
340 360 159
350 360 162
360 360 170
370 360 188
380 360 184
390 360 190
400 360 198
410 360 205
420 360 216
430 360 230
440 360 0
450 360 0
460 360 0
470 360 0
480 360 0
490 360 0
0 370 0
10 370 0
20 370 0
30 370 0
40 370 0
50 370 0
60 370 3
70 370 162
80 370 112
90 370 107
100 370 103
110 370 95
120 370 97
130 370 150
140 370 160
150 370 150
160 370 135
170 370 138
180 370 131
190 370 129
200 370 139
210 370 142
220 370 135
230 370 153
240 370 151
250 370 183
260 370 186
270 370 194
280 370 229
290 370 242
300 370 247
310 370 230
320 370 215
330 370 209
340 370 208
350 370 167
360 370 172
370 370 203
380 370 208
390 370 190
400 370 198
410 370 207
420 370 234
430 370 76
440 370 0
450 370 0
460 370 0
470 370 0
480 370 0
490 370 0
0 380 0
10 380 0
20 380 0
30 380 0
40 380 0
50 380 0
60 380 0
70 380 44
80 380 161
90 380 113
100 380 107
110 380 100
120 380 107
130 380 159
140 380 157
150 380 141
160 380 123
170 380 122
180 380 124
190 380 120
200 380 139
210 380 146
220 380 143
230 380 141
240 380 148
250 380 185
260 380 201
270 380 196
280 380 229
290 380 243
300 380 249
310 380 235
320 380 212
330 380 203
340 380 198
350 380 207
360 380 174
370 380 183
380 380 184
390 380 189
400 380 201
410 380 220
420 380 148
430 380 2
440 380 0
450 380 0
460 380 0
470 380 0
480 380 0
490 380 0
0 390 0
10 390 0
20 390 0
30 390 0
40 390 0
50 390 0
60 390 0
70 390 0
80 390 107
90 390 161
100 390 112
110 390 108
120 390 107
130 390 177
140 390 166
150 390 147
160 390 126
170 390 133
180 390 119
190 390 125
200 390 133
210 390 149
220 390 150
230 390 139
240 390 156
250 390 183
260 390 219
270 390 209
280 390 209
290 390 246
300 390 249
310 390 247
320 390 236
330 390 194
340 390 203
350 390 207
360 390 214
370 390 181
380 390 186
390 390 194
400 390 210
410 390 198
420 390 1
430 390 0
440 390 0
450 390 0
460 390 0
470 390 0
480 390 0
490 390 0
0 400 0
10 400 0
20 400 0
30 400 0
40 400 0
50 400 0
60 400 0
70 400 0
80 400 0
90 400 129
100 400 157
110 400 109
120 400 109
130 400 180
140 400 185
150 400 168
160 400 152
170 400 143
180 400 130
190 400 131
200 400 136
210 400 150
220 400 158
230 400 142
240 400 168
250 400 180
260 400 218
270 400 225
280 400 216
290 400 247
300 400 249
310 400 246
320 400 231
330 400 224
340 400 193
350 400 208
360 400 229
370 400 186
380 400 189
390 400 206
400 400 203
410 400 0
420 400 0
430 400 0
440 400 0
450 400 0
460 400 0
470 400 0
480 400 0
490 400 0
0 410 0
10 410 0
20 410 0
30 410 0
40 410 0
50 410 0
60 410 0
70 410 0
80 410 0
90 410 3
100 410 122
110 410 163
120 410 114
130 410 116
140 410 157
150 410 183
160 410 178
170 410 173
180 410 167
190 410 150
200 410 146
210 410 162
220 410 178
230 410 179
240 410 166
250 410 185
260 410 225
270 410 230
280 410 231
290 410 246
300 410 250
310 410 250
320 410 230
330 410 220
340 410 212
350 410 218
360 410 240
370 410 191
380 410 207
390 410 172
400 410 0
410 410 0
420 410 0
430 410 0
440 410 0
450 410 0
460 410 0
470 410 0
480 410 0
490 410 0
0 420 0
10 420 0
20 420 0
30 420 0
40 420 0
50 420 0
60 420 0
70 420 0
80 420 0
90 420 0
100 420 1
110 420 104
120 420 166
130 420 125
140 420 117
150 420 119
160 420 151
170 420 191
180 420 201
190 420 195
200 420 197
210 420 200
220 420 198
230 420 200
240 420 176
250 420 194
260 420 233
270 420 221
280 420 241
290 420 251
300 420 255
310 420 249
320 420 244
330 420 215
340 420 216
350 420 176
360 420 191
370 420 221
380 420 129
390 420 1
400 420 0
410 420 0
420 420 0
430 420 0
440 420 0
450 420 0
460 420 0
470 420 0
480 420 0
490 420 0
0 430 0
10 430 0
20 430 0
30 430 0
40 430 0
50 430 0
60 430 0
70 430 0
80 430 0
90 430 0
100 430 0
110 430 0
120 430 0
130 430 155
140 430 138
150 430 119
160 430 114
170 430 132
180 430 172
190 430 211
200 430 220
210 430 225
220 430 227
230 430 222
240 430 200
250 430 201
260 430 240
270 430 225
280 430 228
290 430 252
300 430 250
310 430 240
320 430 220
330 430 167
340 430 172
350 430 185
360 430 212
370 430 64
380 430 0
390 430 0
400 430 0
410 430 0
420 430 0
430 430 0
440 430 0
450 430 0
460 430 0
470 430 0
480 430 0
490 430 0
0 440 0
10 440 0
20 440 0
30 440 0
40 440 0
50 440 0
60 440 0
70 440 0
80 440 0
90 440 0
100 440 0
110 440 0
120 440 0
130 440 0
140 440 90
150 440 166
160 440 131
170 440 126
180 440 124
190 440 129
200 440 152
210 440 212
220 440 237
230 440 238
240 440 224
250 440 215
260 440 244
270 440 244
280 440 233
290 440 209
300 440 160
310 440 160
320 440 167
330 440 179
340 440 206
350 440 104
360 440 1
370 440 1
380 440 0
390 440 0
400 440 0
410 440 0
420 440 0
430 440 0
440 440 0
450 440 0
460 440 0
470 440 0
480 440 0
490 440 0
0 450 0
10 450 0
20 450 0
30 450 0
40 450 0
50 450 0
60 450 0
70 450 0
80 450 0
90 450 0
100 450 0
110 450 0
120 450 0
130 450 0
140 450 0
150 450 0
160 450 88
170 450 162
180 450 166
190 450 132
200 450 133
210 450 138
220 450 139
230 450 137
240 450 141
250 450 151
260 450 147
270 450 150
280 450 152
290 450 156
300 450 166
310 450 192
320 450 195
330 450 104
340 450 0
350 450 0
360 450 0
370 450 0
380 450 0
390 450 0
400 450 0
410 450 0
420 450 0
430 450 0
440 450 0
450 450 0
460 450 0
470 450 0
480 450 0
490 450 0
0 460 0
10 460 0
20 460 0
30 460 0
40 460 0
50 460 0
60 460 0
70 460 0
80 460 0
90 460 0
100 460 0
110 460 0
120 460 0
130 460 0
140 460 0
150 460 0
160 460 0
170 460 0
180 460 0
190 460 119
200 460 153
210 460 178
220 460 178
230 460 171
240 460 171
250 460 168
260 460 176
270 460 188
280 460 193
290 460 162
300 460 109
310 460 11
320 460 0
330 460 0
340 460 0
350 460 0
360 460 0
370 460 0
380 460 0
390 460 0
400 460 0
410 460 0
420 460 0
430 460 0
440 460 0
450 460 0
460 460 0
470 460 0
480 460 0
490 460 0
0 470 0
10 470 0
20 470 0
30 470 0
40 470 0
50 470 0
60 470 0
70 470 0
80 470 0
90 470 0
100 470 0
110 470 0
120 470 0
130 470 0
140 470 0
150 470 0
160 470 0
170 470 0
180 470 0
190 470 0
200 470 1
210 470 0
220 470 0
230 470 1
240 470 1
250 470 0
260 470 1
270 470 0
280 470 0
290 470 0
300 470 0
310 470 0
320 470 0
330 470 0
340 470 0
350 470 0
360 470 0
370 470 0
380 470 0
390 470 0
400 470 0
410 470 0
420 470 0
430 470 0
440 470 0
450 470 0
460 470 0
470 470 0
480 470 0
490 470 0
0 480 0
10 480 0
20 480 0
30 480 0
40 480 0
50 480 0
60 480 0
70 480 0
80 480 0
90 480 0
100 480 0
110 480 0
120 480 0
130 480 0
140 480 0
150 480 0
160 480 0
170 480 0
180 480 0
190 480 0
200 480 0
210 480 0
220 480 0
230 480 0
240 480 0
250 480 0
260 480 0
270 480 0
280 480 0
290 480 0
300 480 0
310 480 0
320 480 0
330 480 0
340 480 0
350 480 0
360 480 0
370 480 0
380 480 0
390 480 0
400 480 0
410 480 0
420 480 0
430 480 0
440 480 0
450 480 0
460 480 0
470 480 0
480 480 0
490 480 0
0 490 0
10 490 0
20 490 0
30 490 0
40 490 0
50 490 0
60 490 0
70 490 0
80 490 0
90 490 0
100 490 0
110 490 0
120 490 0
130 490 0
140 490 0
150 490 0
160 490 0
170 490 0
180 490 0
190 490 0
200 490 0
210 490 0
220 490 0
230 490 0
240 490 0
250 490 0
260 490 0
270 490 0
280 490 0
290 490 0
300 490 0
310 490 0
320 490 0
330 490 0
340 490 0
350 490 0
360 490 0
370 490 0
380 490 0
390 490 0
400 490 0
410 490 0
420 490 0
430 490 0
440 490 0
450 490 0
460 490 0
470 490 0
480 490 0
490 490 0
0 500 0
10 500 0
20 500 0
30 500 0
40 500 0
50 500 0
60 500 0
70 500 0
80 500 0
90 500 0
100 500 0
110 500 0
120 500 0
130 500 0
140 500 0
150 500 0
160 500 0
170 500 0
180 500 0
190 500 0
200 500 0
210 500 0
220 500 0
230 500 0
240 500 0
250 500 0
260 500 0
270 500 0
280 500 0
290 500 0
300 500 0
310 500 0
320 500 0
330 500 0
340 500 0
350 500 0
360 500 0
370 500 0
380 500 0
390 500 0
400 500 0
410 500 0
420 500 0
430 500 0
440 500 0
450 500 0
460 500 0
470 500 0
480 500 0
490 500 0
